<?xml version="1.0"?>
<opencv_storage>
<calibration_Time>"03/24/16 11:22:11"</calibration_Time>
<nrOfFrames>8</nrOfFrames>
<image_Width>640</image_Width>
<image_Height>480</image_Height>
<board_Width>9</board_Width>
<board_Height>6</board_Height>
<square_Size>50.</square_Size>
<FixAspectRatio>1.</FixAspectRatio>
<!-- flags:  +fix_aspectRatio +fix_principal_point +zero_tangent_dist -->
<flagValue>14</flagValue>
<Camera_Matrix type_id="opencv-matrix">
  <rows>3</rows>
  <cols>3</cols>
  <dt>d</dt>
  <data>
    6.3256509667425644e+002 0. 3.1950000000000000e+002 0.
    6.3256509667425644e+002 2.3950000000000000e+002 0. 0. 1.</data></Camera_Matrix>
<Distortion_Coefficients type_id="opencv-matrix">
  <rows>5</rows>
  <cols>1</cols>
  <dt>d</dt>
  <data>
    -3.6309386273034128e-001 1.8367093353432051e-001 0. 0.
    -2.1901454856846692e-002</data></Distortion_Coefficients>
<Avg_Reprojection_Error>8.5561914171043119e-001</Avg_Reprojection_Error>
<Per_View_Reprojection_Errors type_id="opencv-matrix">
  <rows>8</rows>
  <cols>1</cols>
  <dt>f</dt>
  <data>
    8.78501713e-001 5.45707285e-001 9.54538226e-001 7.44061291e-001
    1.10656726e+000 6.81428552e-001 7.82909572e-001 1.01022637e+000</data></Per_View_Reprojection_Errors>
<!-- a set of 6-tuples (rotation vector + translation vector) for each view -->
<Extrinsic_Parameters type_id="opencv-matrix">
  <rows>8</rows>
  <cols>6</cols>
  <dt>d</dt>
  <data>
    -3.6041411944190576e-003 -1.2610623462166642e-001
    -6.4695580210316295e-002 -1.7953012451555887e+002
    -1.2402846058173886e+002 5.3274860498326120e+002
    1.6071861278931957e-002 1.8156423244426248e-001
    -1.0316416467156810e-002 -1.8239957609135485e+002
    -1.2968564176985566e+002 6.6496076850943609e+002
    2.1812070227735521e-002 -2.5587176118978106e-001
    -7.2100446699800355e-002 -1.6877629189542586e+002
    -1.1696012541761280e+002 5.1630505567152397e+002
    1.0640210781329290e-001 -4.8439260274287278e-002
    -5.8539537751850631e-003 -1.9893393872543800e+002
    -1.3148988768384532e+002 6.4079435174368427e+002
    1.2190424318220250e-001 -1.7596268641557064e-001
    -9.0186923252148138e-002 -1.2224788315644618e+002
    -1.2508760681815410e+002 5.1433676659418688e+002
    6.9411267984559682e-002 1.4413099719380551e-001
    -1.3470501042601493e-002 -1.5903355949588905e+002
    -1.3823477112930411e+002 6.1757859778576415e+002
    -1.4353903532190987e-001 -9.5408375781744909e-002
    -5.8603338971715130e-002 -1.5351500360301284e+002
    -1.0484188857707049e+002 5.5925609409711376e+002
    8.1796218068003773e-002 -9.7663669791923494e-002
    -1.4763543308688660e-002 -1.8779549512728508e+002
    -1.2679786390567423e+002 5.0576312778645092e+002</data></Extrinsic_Parameters>
<Image_points type_id="opencv-matrix">
  <rows>8</rows>
  <cols>54</cols>
  <dt>"2f"</dt>
  <data>
    1.19138802e+002 1.00826897e+002 1.72674942e+002 9.60832291e+001
    2.28487442e+002 9.19283371e+001 2.84582733e+002 8.92704468e+001
    3.40236633e+002 8.75017624e+001 3.94192108e+002 8.69650650e+001
    4.46186066e+002 8.72036743e+001 4.94698151e+002 8.75543976e+001
    5.40240356e+002 8.94792480e+001 1.20093803e+002 1.55825989e+002
    1.74481598e+002 1.51377869e+002 2.30516754e+002 1.46919006e+002
    2.87447540e+002 1.43638596e+002 3.43403870e+002 1.41393158e+002
    3.97631012e+002 1.39572845e+002 4.50440826e+002 1.38749329e+002
    4.99724091e+002 1.38236099e+002 5.44707825e+002 1.38745544e+002
    1.22092323e+002 2.11994049e+002 1.76777985e+002 2.07743561e+002
    2.33589645e+002 2.03682953e+002 2.90534332e+002 2.00319809e+002
    3.47197235e+002 1.97145905e+002 4.01215668e+002 1.94246796e+002
    4.53973694e+002 1.91913330e+002 5.03141541e+002 1.90146179e+002
    5.48474304e+002 1.89241226e+002 1.24907143e+002 2.69305359e+002
    1.80308990e+002 2.65211334e+002 2.37300507e+002 2.61251556e+002
    2.94327179e+002 2.57312012e+002 3.50811066e+002 2.52893524e+002
    4.05309814e+002 2.49478226e+002 4.57497009e+002 2.46122360e+002
    5.06390930e+002 2.42909637e+002 5.51874268e+002 2.39518478e+002
    1.29841110e+002 3.26406982e+002 1.85163605e+002 3.22441193e+002
    2.41578781e+002 3.18646637e+002 2.98647858e+002 3.14314667e+002
    3.54596924e+002 3.09445831e+002 4.08688385e+002 3.04549408e+002
    4.60724121e+002 2.99717743e+002 5.09699341e+002 2.95204926e+002
    5.54677124e+002 2.90642792e+002 1.36545074e+002 3.82755066e+002
    1.91132492e+002 3.79218384e+002 2.46913544e+002 3.75050110e+002
    3.03487000e+002 3.70284607e+002 3.58432312e+002 3.64770630e+002
    4.12161011e+002 3.59378845e+002 4.63529877e+002 3.53001038e+002
    5.12298157e+002 3.47234894e+002 5.56602783e+002 3.40787018e+002
    1.52562027e+002 1.21843849e+002 1.94517761e+002 1.17714073e+002
    2.38497681e+002 1.14637352e+002 2.85223694e+002 1.11534630e+002
    3.33872009e+002 1.09462570e+002 3.82792725e+002 1.07508888e+002
    4.32990265e+002 1.06296654e+002 4.83086121e+002 1.05868011e+002
    5.32496216e+002 1.07332405e+002 1.52404678e+002 1.67083633e+002
    1.94482452e+002 1.63715668e+002 2.38618301e+002 1.61672653e+002
    2.85627411e+002 1.59538895e+002 3.34370758e+002 1.57873474e+002
    3.84099365e+002 1.56997131e+002 4.34602936e+002 1.55750870e+002
    4.84671112e+002 1.55572830e+002 5.34436951e+002 1.55869888e+002
    1.52652161e+002 2.12295776e+002 1.94319824e+002 2.11333023e+002
    2.38784149e+002 2.09587662e+002 2.86214783e+002 2.08538177e+002
    3.34741272e+002 2.07518204e+002 3.84743195e+002 2.06679932e+002
    4.35448334e+002 2.06301102e+002 4.86259155e+002 2.05998550e+002
    5.35468018e+002 2.06127014e+002 1.52425186e+002 2.58700317e+002
    1.94671387e+002 2.58278229e+002 2.39201965e+002 2.57914520e+002
    2.86589111e+002 2.57664795e+002 3.35418091e+002 2.57442322e+002
    3.85429199e+002 2.57086060e+002 4.35899139e+002 2.56889130e+002
    4.86460052e+002 2.57327972e+002 5.35985413e+002 2.56758453e+002
    1.54128952e+002 3.04397278e+002 1.96051056e+002 3.05482513e+002
    2.40414444e+002 3.05941895e+002 2.87286133e+002 3.06809570e+002
    3.36111115e+002 3.07338104e+002 3.85489929e+002 3.07461090e+002
    4.36163116e+002 3.07560669e+002 4.86290894e+002 3.07357666e+002
    5.34838074e+002 3.07389160e+002 1.56270981e+002 3.50046387e+002
    1.97779861e+002 3.51751831e+002 2.42045120e+002 3.53639191e+002
    2.88590576e+002 3.55170380e+002 3.36404327e+002 3.56031006e+002
    3.85992340e+002 3.56985687e+002 4.35434631e+002 3.57386841e+002
    4.84953857e+002 3.57352020e+002 5.34135254e+002 3.56676544e+002
    1.24639420e+002 1.03675819e+002 1.80693802e+002 9.97704315e+001
    2.36832733e+002 9.73981323e+001 2.92526154e+002 9.55062485e+001
    3.46300354e+002 9.53143463e+001 3.96705414e+002 9.53664322e+001
    4.45185028e+002 9.57216110e+001 4.89725830e+002 9.74963684e+001
    5.30324707e+002 9.95107956e+001 1.26408302e+002 1.61280502e+002
    1.82575500e+002 1.56849106e+002 2.39805801e+002 1.53272339e+002
    2.95513458e+002 1.50503143e+002 3.49202789e+002 1.48937943e+002
    4.00270966e+002 1.47497986e+002 4.48767792e+002 1.46724472e+002
    4.94026123e+002 1.46623337e+002 5.34381165e+002 1.47045410e+002
    1.29381195e+002 2.19198654e+002 1.86085190e+002 2.14532257e+002
    2.43321381e+002 2.10469254e+002 2.98749512e+002 2.06628189e+002
    3.53003204e+002 2.03396881e+002 4.03851746e+002 2.00502136e+002
    4.51957977e+002 1.98108765e+002 4.96510834e+002 1.95984619e+002
    5.37260071e+002 1.94983780e+002 1.33892410e+002 2.78408264e+002
    1.90536041e+002 2.73217560e+002 2.47265045e+002 2.68327179e+002
    3.03370087e+002 2.63312286e+002 3.56672821e+002 2.58467438e+002
    4.07641083e+002 2.53867264e+002 4.55167358e+002 2.50037582e+002
    4.99057007e+002 2.46126129e+002 5.39730408e+002 2.42673035e+002
    1.39789627e+002 3.36468475e+002 1.96353867e+002 3.30694061e+002
    2.52469101e+002 3.25314697e+002 3.07594879e+002 3.18783051e+002
    3.61005768e+002 3.13386078e+002 4.10823486e+002 3.07074219e+002
    4.58344604e+002 3.01602417e+002 5.02349854e+002 2.95964905e+002
